2.045712884911724261e-01
9.606028448587417001e-02
-2.505702391548819130e-01
-4.540686053944786305e-01
-5.032381100336480451e-01
-1.189146468038280835e+00
-1.157591588733926979e+00
-1.763485828639091091e+00
-1.763844911330441523e+00
-1.791619133681366050e+00
-1.777124774217710312e+00
-1.164868351551011871e+00
-7.846442120539302012e-01
-5.820442707959190554e-02
4.977878255202297098e-01
9.905000280893523357e-01
1.183106764027657798e+00
9.276299665754077495e-01
9.918430323000237969e-01
3.472849415597659695e-01
7.028500073695956307e-02
-3.424324832227469972e-01
-1.768092813520155682e-01
-1.493169163107354591e-01
3.668344201875747834e-02
-3.863035133737435789e-02
1.442954645215036025e-01
5.256200676940926408e-01
6.487554270624080743e-01
2.656001810219998926e-01
3.290411661851071479e-01
3.947902203264956333e-01
3.497258113453887707e-01
2.333732662334065400e-01
3.014156469573277541e-01
2.317912319158209056e-01
3.665117618228203034e-01
3.699509364114785259e-01
4.428193145468294345e-01
1.507562899360369024e-01
3.429932401552074350e-01
1.305925031624267652e-01
6.974984151674989974e-02
3.058784297695789633e-01
2.338731344864999895e-01
1.288979431312255175e-01
3.217068781933249966e-01
3.979734430491155273e-01
1.289582466561995377e-01
2.076239149626618319e-01
1.781188953628559946e-01
4.068819891692631030e-01
1.333105521120190040e-01
3.516377452872617160e-01
3.056934818316503488e-01
1.156742431107260632e-01
1.138693176367363558e-01
1.924792891876924150e-01
3.089078725061054076e-01
2.823157739746418038e-02
2.688298062094864882e-01
-7.291417371186847962e-02
-2.961250033789275538e-01
-4.506411306174304410e-01
-5.580588183928363311e-01
-9.040477819945282878e-01
-1.206424905046484586e+00
-1.591790278583260942e+00
-1.984682508157163960e+00
-2.007610627110105295e+00
-1.810476402406093976e+00
-1.296042979059823130e+00
-7.594237912968541115e-01
2.016027866469634611e-01
4.567249799050152603e-01
1.044522138293184188e+00
1.156859373570974459e+00
9.319449299028912392e-01
6.458380177628667562e-01
3.167763673532940638e-01
1.348043655339934421e-01
-9.790133730432032388e-02
-2.240797572242531899e-01
-3.810933204175498412e-02
-8.865138122297155920e-02
3.406737228181097588e-01
2.065518163083551739e-01
3.303332063873676283e-01
3.706125502317549891e-01
3.627402315814783895e-01
1.916618467423701344e-01
1.989741903044917049e-02
1.592669796603087273e-01
1.207275400970029555e-01
3.260948801118696005e-01
7.664781243227691832e-02
3.634465718862344152e-01
5.322839919227564942e-02
3.229144200732869674e-01
1.451802646797607510e-01
1.854819269884240840e-01
1.477510728947845631e-01
3.705627138718377567e-01
3.173989434737046755e-01
3.522289657390967887e-01
4.044148772946564163e-01
3.346572331490860752e-01
1.246817718473948039e-01
2.947879323767215176e-01
4.166646912861446950e-01
6.695947202573060419e-02
9.453393939892636155e-02
2.086487412062732194e-01
4.087918819820118843e-01
4.202488090096061502e-01
1.409339603107023775e-01
1.399315864625924055e-01
2.953184651262196203e-01
3.951998322949365483e-01
2.110451053074856032e-01
-3.799307836611748312e-02
2.466911465398355374e-02
-8.251533404415776207e-01
-1.276789750963585934e+00
-1.924488210089286389e+00
-1.536421616841469051e+00
-7.265716056912667753e-01
4.008136695183676101e-01
1.228994672235783847e+00
7.830891941044340054e-01
9.110274657988970404e-03
-4.043426204675283353e-01
-5.156558123904150803e-02
4.193617394607751514e-01
2.852875852992691752e-01
3.652097034220737060e-01
2.383042188469184086e-01
1.615665908918655636e-01
1.693804053375507490e-01
3.348411857198717034e-01
1.019666808861012242e-01
3.694296988855199082e-01
8.892189539353004268e-02
2.473781611262141078e-01
1.960187694665847524e-01
2.645169905528667043e-01
2.273988471772233066e-01
1.350888991617502088e-01
3.718779942298360841e-01
2.473534495328590099e-01
1.864090153956346474e-02
-6.219868184792273769e-02
-1.928584865843153140e-01
-3.425133491746834569e-03
-4.185392806702498136e-01
-3.158506548273579129e-01
-8.058383144563302514e-01
-9.749970109709875654e-01
-9.851989500525265564e-01
-1.483999352943037531e+00
-1.435948198216298266e+00
-1.799274467962203472e+00
-1.860282272020196137e+00
-2.005720950364617838e+00
-1.950994035244832281e+00
-1.716594425986377237e+00
-1.253048370419605817e+00
-8.592839004135797154e-01
-5.677140625363681359e-01
-2.289579821103076562e-01
1.581219519233113269e-01
7.071040517891664656e-01
7.628729919241038493e-01
1.146006885773782180e+00
1.039619075587905339e+00
9.881931354381259247e-01
1.142487758871876036e+00
8.620880047281413994e-01
5.974249013921238971e-01
2.105497475885908520e-01
3.010643210585496610e-02
-1.661969217886717920e-01
-2.300315644924618153e-01
-1.100305089642215628e-01
-2.749827920207075227e-01
-1.452971645315191684e-01
-2.343149623722996788e-01
8.423026369512871814e-02
3.771749049580668256e-01
3.504380050986766193e-01
3.011989650684790965e-01
2.609520300012083682e-01
5.436399112157430658e-01
3.568687645556348764e-01
3.245126154071479307e-01
4.388498211231933177e-01
4.023390875755860630e-01
2.893163388350794563e-01
1.119711508692408097e-01
9.302826870771496726e-03
3.218828038952439297e-01
1.717775969594384500e-02
2.906494277837023965e-01
2.030292293775481927e-02
9.842423891950177750e-02
4.283878858358666775e-01
1.000948859955564929e-01
3.499011634663707904e-01
2.860577011527959401e-01
1.706891784513631105e-01
7.699531758520916647e-02
3.409027341787280729e-01
3.595529123051393050e-01
1.937700095157486591e-01
3.354204961414670727e-01
1.621285890294174303e-01
3.519701116635514104e-01
2.863553921554170545e-01
9.212115437572168664e-02
1.659738687703824211e-01
1.553248585986551633e-01
1.030796035709412584e-01
2.750334950188927374e-01
2.036878604589551778e-01
3.357030322145974632e-01
1.173503505819748216e-01
1.800127220444960041e-01
3.201077565771337508e-01
3.037822244545061445e-01
1.784221113759016097e-01
1.037879238705675666e-01
2.042741026838798823e-01
1.428173037586227823e-01
1.776393036840456796e-01
7.163122669747751248e-02
3.475261034052050668e-01
1.564298684547500429e-01
3.780870325358900996e-01
1.887742202856834695e-02
1.693597290860384963e-01
3.100156530473860972e-01
5.165459566638941347e-03
-2.500503287863359292e-03
-4.888182760371435620e-01
-4.437259803945198255e-01
-1.147969766614816090e+00
-1.396008016577342303e+00
-1.729225635131454553e+00
-1.837504366490342322e+00
-1.868721819792056982e+00
-1.640762073351556660e+00
-1.309507220307493114e+00
-4.477320898320886755e-01
-7.356742955825172625e-02
7.393350374200424735e-01
9.845086958536217736e-01
1.202853334380001638e+00
8.989737283515421007e-01
6.134303242465828365e-01
4.070641858515887668e-01
1.491880809100724625e-01
-2.701464461146819152e-01
-1.981473760311407428e-01
-2.783621238648950058e-01
3.962995279469891385e-02
6.527807595353414538e-02
4.632206612463102280e-01
3.058927158531137835e-01
3.784100407276533851e-01
2.848496027738005587e-01
1.409571347820645915e-01
2.439641252571367325e-01
1.917427202054024782e-01
2.073839859309907219e-01
-5.037488458956715376e-02
8.756406050988210787e-02
1.303355541763204783e-01
2.423792142849172104e-01
3.074711369096113645e-01
2.131462891927862202e-01
2.085001055314364138e-01
4.377022554290549428e-02
1.872183301907853759e-01
8.374457229676109116e-02
3.944291136932911446e-01
2.303659572152093882e-01
3.130135728168632614e-01
1.702927212146429781e-01
5.317527434816632370e-02
3.916384398003153189e-01
1.443973266529138821e-01
3.137861955774926548e-01
1.727428954439665376e-01
2.545820047520984120e-01
1.163639962805965156e-01
7.652363428643768617e-02
1.836879310920990771e-01
2.189323184609762718e-01
1.796087261801481705e-01
1.914208721746018804e-01
2.824727947784571036e-01
1.959548657800349314e-01
-9.582189642598595847e-02
-3.144401296092257936e-01
-8.264018373064940803e-01
-1.085598572181141197e+00
-1.376717265253123212e+00
-1.662557395450401598e+00
-1.829701153956371007e+00
-1.891279252776592701e+00
-1.541327410963046818e+00
-9.974129233722548449e-01
-7.013053495493315470e-01
1.394014283263919074e-01
5.215858958194041772e-01
7.856149772447567070e-01
9.954084585646230110e-01
8.941456218818044643e-01
9.948460674304748785e-01
2.688791683401037247e-01
1.260382114889252447e-02
-1.733119441041960918e-01
-2.348316155229443480e-01
-2.303091991896834834e-01
-1.320352893205051781e-01
6.582616015787079444e-02
2.470910323000184983e-01
3.045304761520027936e-01
2.722134255304237138e-01
2.535533805824296549e-01
2.097427135466210513e-01
3.211959735446524022e-01
1.750828233991290339e-01
-3.360256794272617475e-02
9.275131128830660376e-03
2.955968429775250317e-01
2.316811168348584249e-02
1.599669958189727237e-01
1.509841398196848927e-01
4.363172477627285106e-01
1.673912551810379790e-01
4.045426260068424873e-01
2.975123985413472005e-01
2.753506118820160387e-01
1.753063742235894118e-01
3.370792374079371045e-01
2.519764857608318698e-01
3.377716241771084871e-01
9.282297472066243504e-02
3.236567799119247635e-01
3.720545077191460548e-01
8.165113320914235695e-02
3.337676021167799156e-01
3.173784811417774132e-01
3.159451865460979891e-02
1.960096584252097596e-01
3.264436460083540159e-01
3.531805138480478834e-02
3.525186090298754182e-02
2.025948871248572924e-02
