2.667005790055555423e-02
5.852062069103315667e-02
1.110999016272725820e-01
1.881768000776915806e-01
2.891698139363152453e-01
4.070016799432990551e-01
5.272011889317259614e-01
6.291117803247862073e-01
6.895542880741869496e-01
6.884590394536044267e-01
6.150925030405529625e-01
4.729183131371010873e-01
2.811723436605790827e-01
7.201930449368187936e-02
-1.164775307513103708e-01
-2.498464243273152696e-01
-3.063726823609989047e-01
-2.830019642324225759e-01
-1.959462743773750792e-01
-7.565595564049357180e-02
4.228169855779218694e-02
1.273693403357921139e-01
1.622605999180147252e-01
1.461981645448185985e-01
9.305736460357190432e-02
2.510650156732105107e-02
-3.503620530819721163e-02
-7.139414716639713721e-02
-7.840090123768496400e-02
-6.066546907655767651e-02
-2.945753682187690278e-02
2.325564725373646582e-03
2.470595259021837048e-02
3.321267405934005129e-02
2.901753807498876764e-02
1.710974580440968729e-02
3.606553566955200425e-03
-6.633438603969336531e-03
-1.131373593414496115e-02
-1.073317548333055892e-02
-6.884236818704613826e-03
-2.213683981140762962e-03
1.395351747052847504e-03
3.106705441714580247e-03
3.066281678436677191e-03
1.992405295185092993e-03
6.950709657990383978e-04
-2.639489863982491199e-04
-6.858566949596412539e-04
-6.604380187885672271e-04
-4.043929232507292859e-04
-1.164668551293601641e-04
8.897074801512694093e-05
1.668640563382783827e-04
9.358867032012162007e-05
-1.338637941106668341e-04
-3.694764244565107219e-04
-1.326420289453622491e-05
2.440104920249808011e-03
9.857079977100967338e-03
2.667005790055555423e-02
5.852062069103315667e-02
1.110999016272725820e-01
1.881768000776915806e-01
2.891698139363152453e-01
4.070016799432990551e-01
5.272011889317259614e-01
6.291117803247862073e-01
6.895542880741869496e-01
6.884590394536044267e-01
6.150925030405529625e-01
4.729183131371010873e-01
2.811723436605790827e-01
7.201930449368187936e-02
-1.164775307513103708e-01
-2.498464243273152696e-01
-3.063726823609989047e-01
-2.830019642324225759e-01
-1.959462743773750792e-01
-7.565595564049357180e-02
4.228169855779218694e-02
1.273693403357921139e-01
1.622605999180147252e-01
1.461981645448185985e-01
9.305736460357190432e-02
2.510650156732105107e-02
-3.503620530819721163e-02
-7.139414716639713721e-02
-7.840090123768496400e-02
-6.066546907655767651e-02
-2.945753682187690278e-02
2.325564725373646582e-03
2.470595259021837048e-02
3.321267405934005129e-02
2.901753807498876764e-02
1.710974580440968729e-02
3.606553566955200425e-03
-6.633438603969336531e-03
-1.131373593414496115e-02
-1.073317548333055892e-02
-6.884236818704613826e-03
-2.213683981140762962e-03
1.395351747052847504e-03
3.106705441714580247e-03
3.066281678436677191e-03
1.992405295185092993e-03
6.950709657990383978e-04
-2.639489863982491199e-04
-6.858566949596412539e-04
-6.604380187885672271e-04
-4.043929232507292859e-04
-1.164668551293601641e-04
8.897074801512694093e-05
1.668640563382783827e-04
9.358867032012162007e-05
-1.338637941106668341e-04
-3.694764244565107219e-04
-1.326420289453622491e-05
2.440104920249808011e-03
9.857079977100967338e-03
2.667005790055554382e-02
1.110999016272725820e-01
2.891698139363152453e-01
5.272011889317259614e-01
6.895542880741869496e-01
6.150925030405528515e-01
2.811723436605790272e-01
-1.164775307513103708e-01
-3.063726823609989047e-01
-1.959462743773749960e-01
4.228169855779218000e-02
1.622605999180147252e-01
9.305736460357190432e-02
-3.503620530819723244e-02
-7.840090123768495012e-02
-2.945753682187687850e-02
2.470595259021838436e-02
2.901753807498879539e-02
3.606553566955211267e-03
-1.131373593414497156e-02
-6.884236818704586938e-03
1.395351747052847504e-03
3.066281678436663747e-03
6.950709657990161716e-04
-6.858566949596634800e-04
-4.043929232506960009e-04
8.897074801510474189e-05
9.358867032008833507e-05
-3.694764244565051925e-04
2.440104920249841405e-03
2.667005790055554382e-02
4.586405299588196954e-02
7.349564261260575770e-02
1.110999016272725542e-01
1.596820986279706422e-01
2.193836563330859857e-01
2.891698139363152453e-01
3.665973786393807998e-01
4.477227284922209449e-01
5.272011889317260724e-01
5.986083063547085192e-01
6.549828409249747185e-01
6.895542880741869496e-01
6.965801836943324998e-01
6.721872585607923112e-01
6.150925030405529625e-01
5.270807225722816680e-01
4.131367793341887418e-01
2.811723436605790272e-01
1.413436375253366573e-01
5.019980421572602623e-03
-1.164775307513102875e-01
-2.132029346353709609e-01
-2.777923016203052153e-01
-3.063726823609989047e-01
-2.990323734125001631e-01
-2.597736608989714702e-01
-1.959462743773750792e-01
-1.172393609742733017e-01
-3.437831268347198155e-02
4.228169855779220776e-02
1.040591605943982922e-01
1.449595114864240808e-01
1.622605999180146974e-01
1.566035299559908611e-01
1.316019134027582582e-01
9.305736460357190432e-02
4.792620941393099798e-02
3.212723663706616804e-03
-3.503620530819724632e-02
-6.248956299928696417e-02
-7.695005410781398381e-02
-7.840090123768492236e-02
-6.871437925140234937e-02
-5.110683721838344545e-02
-2.945753682187683339e-02
-7.617852741977745347e-03
1.117611750359893789e-02
2.470595259021844334e-02
3.194858801552422078e-02
3.303309318153285074e-02
2.901753807498883703e-02
2.155182423909592429e-02
1.250202539446292581e-02
3.606553566955212134e-03
-3.782583789916926526e-03
-8.844145898238389356e-03
-1.131373593414495941e-02
-1.140951598705965998e-02
-9.690225903199733981e-03
-6.884236818704597347e-03
-3.726107935661560153e-03
-8.284470296220425084e-04
1.395351747052892173e-03
2.754663597984216908e-03
3.259330899814016653e-03
3.066281678436603899e-03
2.412430208089105972e-03
1.549856744586744321e-03
6.950709657989939455e-04
-1.398015052017642815e-06
-4.643528412728775484e-04
-6.858566949596633716e-04
-7.059962311400270075e-04
-5.894967543199142656e-04
-4.043929232507182270e-04
-2.070746744023743756e-04
-3.563542282187803507e-05
8.897074801510472834e-05
1.565629712164229412e-04
1.603424816496223709e-04
9.358867032002171084e-05
-4.429496398568045075e-05
-2.278995036943898213e-04
-3.694764244565357670e-04
-2.665916576482629916e-04
4.616219342653327443e-04
2.440104920249730816e-03
6.591021423198284435e-03
1.415629006951807378e-02
2.667005790055555423e-02
5.852062069103315667e-02
1.110999016272725820e-01
1.881768000776915806e-01
2.891698139363152453e-01
4.070016799432990551e-01
5.272011889317259614e-01
6.291117803247862073e-01
6.895542880741869496e-01
6.884590394536044267e-01
6.150925030405529625e-01
4.729183131371010873e-01
2.811723436605790827e-01
7.201930449368187936e-02
-1.164775307513103708e-01
-2.498464243273152696e-01
-3.063726823609989047e-01
-2.830019642324225759e-01
-1.959462743773750792e-01
-7.565595564049357180e-02
4.228169855779218694e-02
1.273693403357921139e-01
1.622605999180147252e-01
1.461981645448185985e-01
9.305736460357190432e-02
2.510650156732105107e-02
-3.503620530819721163e-02
-7.139414716639713721e-02
-7.840090123768496400e-02
-6.066546907655767651e-02
-2.945753682187690278e-02
2.325564725373646582e-03
2.470595259021837048e-02
3.321267405934005129e-02
2.901753807498876764e-02
1.710974580440968729e-02
3.606553566955200425e-03
-6.633438603969336531e-03
-1.131373593414496115e-02
-1.073317548333055892e-02
-6.884236818704613826e-03
-2.213683981140762962e-03
1.395351747052847504e-03
3.106705441714580247e-03
3.066281678436677191e-03
1.992405295185092993e-03
6.950709657990383978e-04
-2.639489863982491199e-04
-6.858566949596412539e-04
-6.604380187885672271e-04
-4.043929232507292859e-04
-1.164668551293601641e-04
8.897074801512694093e-05
1.668640563382783827e-04
9.358867032012162007e-05
-1.338637941106668341e-04
-3.694764244565107219e-04
-1.326420289453622491e-05
2.440104920249808011e-03
9.857079977100967338e-03
2.667005790055555423e-02
5.852062069103315667e-02
1.110999016272725820e-01
1.881768000776915806e-01
2.891698139363152453e-01
4.070016799432990551e-01
5.272011889317259614e-01
6.291117803247862073e-01
6.895542880741869496e-01
6.884590394536044267e-01
6.150925030405529625e-01
4.729183131371010873e-01
2.811723436605790827e-01
7.201930449368187936e-02
-1.164775307513103708e-01
-2.498464243273152696e-01
-3.063726823609989047e-01
-2.830019642324225759e-01
-1.959462743773750792e-01
-7.565595564049357180e-02
4.228169855779218694e-02
1.273693403357921139e-01
1.622605999180147252e-01
1.461981645448185985e-01
9.305736460357190432e-02
2.510650156732105107e-02
-3.503620530819721163e-02
-7.139414716639713721e-02
-7.840090123768496400e-02
-6.066546907655767651e-02
-2.945753682187690278e-02
2.325564725373646582e-03
2.470595259021837048e-02
3.321267405934005129e-02
2.901753807498876764e-02
1.710974580440968729e-02
3.606553566955200425e-03
-6.633438603969336531e-03
-1.131373593414496115e-02
-1.073317548333055892e-02
-6.884236818704613826e-03
-2.213683981140762962e-03
1.395351747052847504e-03
3.106705441714580247e-03
3.066281678436677191e-03
1.992405295185092993e-03
6.950709657990383978e-04
-2.639489863982491199e-04
-6.858566949596412539e-04
-6.604380187885672271e-04
-4.043929232507292859e-04
-1.164668551293601641e-04
8.897074801512694093e-05
1.668640563382783827e-04
9.358867032012162007e-05
-1.338637941106668341e-04
-3.694764244565107219e-04
-1.326420289453622491e-05
2.440104920249808011e-03
9.857079977100967338e-03
